%YAML:1.0
Kernel: !!opencv-matrix
   rows: 5
   cols: 5
   dt: f
   data: [ 3.99882086e-02, 3.99922617e-02, 3.99992317e-02,
       3.99958901e-02, 3.99935395e-02, 3.99926417e-02, 3.99974510e-02,
       4.00053300e-02, 4.00011130e-02, 3.99979539e-02, 4.00011875e-02,
       4.00067270e-02, 4.00162227e-02, 4.00098749e-02, 4.00059074e-02,
       3.99958678e-02, 4.00005989e-02, 4.00079563e-02, 4.00032215e-02,
       3.99999768e-02, 3.99927832e-02, 3.99967097e-02, 4.00031880e-02,
       3.99993546e-02, 3.99968624e-02 ]
